started at Fri Sep 18 00:24:02 2020

simulation 0 initiated with seed 5 
phi[0] = 0.000000+0.000000i 
phi[1] = 0.675671+0.000000i 
phi[2] = 0.655447+0.000000i 
phi[3] = 0.266534+0.000000i 
phi[4] = -0.272305+0.000000i 
phi[5] = -0.657972+0.000000i 
phi[6] = -0.673530+0.000000i 
phi[7] = -0.310227+0.000000i 
phi[8] = 0.227578+0.000000i 
phi[9] = -0.310227+0.000000i 
phi[10] = -0.673530+0.000000i 
phi[11] = -0.657972+0.000000i 
phi[12] = -0.272305+0.000000i 
phi[13] = 0.266534+0.000000i 
phi[14] = 0.655447+0.000000i 
phi[15] = 0.675671+0.000000i 

 
phi[0] = 0.000000+0.000000i
phi[1] = 0.675671+0.000000i
phi[2] = 0.655447+0.000000i
phi[3] = 0.266534+0.000000i
phi[4] = -0.272305+0.000000i
phi[5] = -0.657972+0.000000i
phi[6] = -0.673530+0.000000i
phi[7] = -0.310227+0.000000i
phi[8] = 0.227578+0.000000i
phi[9] = -0.310227+0.000000i
phi[10] = -0.673530+0.000000i
phi[11] = -0.657972+0.000000i
phi[12] = -0.272305+0.000000i
phi[13] = 0.266534+0.000000i
phi[14] = 0.655447+0.000000i
phi[15] = 0.675671-0.000000i
simulation 0 completed 
ended at Fri Sep 18 00:24:02 2020

